"Ключевое слово",Сложность,Частотность,"Интент запроса","Элементы поиска",Релевантность,CPC,Конкуренция
"tattoo münchen",41,2400,"L, C","Результаты карт, Рейтинги, Видео, Похожие запросы, Картинки",,0.74,0.48
"tempel münchen",65,2900,"L, C","Результаты карт, Рейтинги, Видео, Картинки, Related searches",13,0.65,0.2
"tattoo bayern",11,590,"L, C","Результаты карт, Рейтинги, Видео, Похожие запросы, Картинки, Related searches",13,0,0.02
"fineline tattoo münchen",10,590,"L, C","Рейтинги, Видео, Похожие запросы, Картинки, GBP, AI Overview, Related searches",7,0.54,0.59
"wie teuer ist tattoo",4,590,I,"Блоки с ответами, Рейтинги, Видео, Похожие запросы, Картинки, Related searches",6,0.4,0.15
"prime tattoo",3,590,"L, C","Результаты карт, Рейтинги, Видео, Похожие запросы, Картинки, Related searches",6,0.6,0.11
"unlimited bodyart tattoos piercing tattoostudio münchen",7,590,"L, N","Рейтинги, Ссылки сайта, Видео, Похожие запросы, Картинки, GBP, Related searches",6,0,0.03
"tempel piercing",13,390,"L, N","Результаты карт, Рейтинги, Ссылки сайта, Видео, Картинки, Искать здесь, Related searches",6,0.83,0.16
"munich tattoo",7,320,"L, C","Результаты карт, Рейтинги, Видео, Картинки, Искать здесь, Related searches, Изображения",13,0.76,0.56
"tattoo bayern münchen",10,320,I,"Рейтинги, Видео, Похожие запросы, Картинки, Related searches",7,0,0.03
"tattoo munich",11,320,"L, C","Результаты карт, Рейтинги, Видео, Похожие запросы, Картинки, Related searches",30,0.76,0.56
"temple tattoo",11,260,"L, C","Результаты карт, Рейтинги, Видео, Похожие запросы, Картинки, Related searches",9,0.41,0.05
"was kostet tattoo oberarm",9,260,I,"Рейтинги, Видео, Похожие запросы, Картинки, AI Overview, Related searches",6,0.4,0.16
"tempel tattoo",15,210,"L, N","Результаты карт, Рейтинги, Ссылки сайта, Видео, Похожие запросы, Картинки, Related searches",12,0.39,0.13
"tattoo kosten schrift",9,210,I,"Рейтинги, Видео, Похожие запросы, Картинки, AI Overview, Related searches",6,0.32,0.12
"was kosten tätowierungen",6,210,I,"Рейтинги, Видео, Похожие запросы, Картинки, AI Overview, Related searches",6,0.36,0.21
"200 euro tattoo preisbeispiele",8,210,I,"Рейтинги, Видео, Похожие запросы, Картинки, AI Overview, Related searches",7,0,0.01
"piercing pasing",13,210,"L, C","Результаты карт, Рейтинги, Видео, Похожие запросы, Картинки, Related searches",6,0.72,0.6
"was kostet tätowieren",6,210,I,"Рейтинги, Видео, Похожие запросы, Картинки, Искать здесь, AI Overview, Related searches",7,0.36,0.21
"kosten tätowierung",5,210,I,"Блоки с ответами, Рейтинги, Видео, Похожие запросы, Картинки, Related searches",6,0.4,0.2
"walk in tattoo münchen",18,170,"L, C","Результаты карт, Рейтинги, Видео, Похожие запросы, Картинки, Искать здесь, Related searches",13,0.34,0.68
"fineline tattoos münchen",7,170,"L, C","Результаты карт, Рейтинги, Видео, Похожие запросы, Картинки, Related searches",7,0.56,0.49
"bestes tattoo studio münchen",12,170,"L, C","Результаты карт, Рейтинги, Видео, Похожие запросы, Картинки, Искать здесь, Related searches",16,0.56,0.65
"fine line tattoo münchen",7,170,"L, C","Результаты карт, Рейтинги, Видео, Похожие запросы, Картинки, Related searches",6,0.56,0.49
"fine line tattoos münchen",5,170,"L, C","Результаты карт, Рейтинги, Видео, Похожие запросы, Картинки, Related searches",8,0.56,0.49
"piercing münchen",14,140,"L, C","Результаты карт, Рейтинги, Видео, Похожие запросы, Картинки, Искать здесь, Related searches",10,0.69,0.59
"piercings münchen",12,140,"L, C","Результаты карт, Рейтинги, Видео, Похожие запросы, Картинки, Искать здесь, Related searches",9,0.69,0.59
"tattoo artist münchen",13,140,"L, C","Результаты карт, Рейтинги, Видео, Похожие запросы, Картинки, Искать здесь, Related searches",22,0.49,0.53
"pasing tattoo",16,140,"L, N","Результаты карт, Рейтинги, Ссылки сайта, Видео, Похожие запросы, Картинки, Искать здесь, Related searches",9,0.56,0.52
"tattoo artists munich",11,140,"L, C","Результаты карт, Рейтинги, Видео, Картинки, Искать здесь, Related searches",13,0.49,0.53
"tattoo artist munich",12,140,"L, C","Результаты карт, Рейтинги, Видео, Картинки, Искать здесь, Related searches",12,0.49,0.53
"tattoo pasing",12,140,"L, N","Рейтинги, Ссылки сайта, Видео, Похожие запросы, Картинки, GBP, Related searches",10,0.56,0.52
"tattoo münchen fine line",9,140,"L, C","Результаты карт, Рейтинги, Видео, Похожие запросы, Картинки, Related searches",7,0.51,0.52
"münchen piercing",15,140,"L, C","Результаты карт, Рейтинги, Видео, Похожие запросы, Картинки, Искать здесь, Related searches",12,0.69,0.59
"tattoo tempel",14,110,"L, N","Результаты карт, Рейтинги, Ссылки сайта, Видео, Картинки, Related searches",10,0,0.15
"bester tätowierer münchen",11,90,"L, C","Результаты карт, Рейтинги, Видео, Похожие запросы, Картинки, Искать здесь, Related searches",14,0.51,0.71
"piercing shop münchen",11,90,"L, T","Результаты карт, Рейтинги, Видео, Похожие запросы, Картинки, Нижняя реклама, Искать здесь, Related searches",7,0.55,0.83
"beste tattoo studios münchen",12,90,"L, C","Результаты карт, Рейтинги, Видео, Похожие запросы, Картинки, Искать здесь, Related searches",20,0.63,0.61
"munich tattoo shops",14,90,"L, T","Результаты карт, Рейтинги, Видео, Похожие запросы, Картинки, Искать здесь, Related searches",21,0.51,0.74
"piercing münchen innenstadt",8,90,"L, C","Результаты карт, Рейтинги, Видео, Похожие запросы, Картинки, Искать здесь, Related searches",11,0.73,0.67
"besten tätowierer münchen",10,90,"L, C","Результаты карт, Рейтинги, Видео, Похожие запросы, Картинки, Искать здесь, Related searches",15,0.51,0.71
"tattoo salon münchen",14,90,"L, C","Результаты карт, Рейтинги, Похожие запросы, Картинки, Искать здесь, Related searches",14,0,0.04
"besten tattoo studios münchen",12,90,"L, C","Результаты карт, Рейтинги, Видео, Похожие запросы, Картинки, Искать здесь, Related searches",14,0.63,0.61
"beste tattoo studio münchen",13,90,"L, C","Результаты карт, Рейтинги, Видео, Похожие запросы, Картинки, Искать здесь, Related searches",14,0.63,0.61
"beste tätowierer münchen",13,90,"L, C","Результаты карт, Рейтинги, Видео, Похожие запросы, Картинки, Искать здесь, Related searches",15,0.51,0.71
"munich tattoo shop",13,90,"L, T","Результаты карт, Рейтинги, Видео, Картинки, Искать здесь, Related searches",15,0.51,0.74
"münchen piercing shop",12,90,"L, T","Результаты карт, Рейтинги, Видео, Похожие запросы, Искать здесь, Related searches, Изображения",9,0.55,0.83
"tattoo shops in munich germany",12,90,"L, T","Результаты карт, Рейтинги, Видео, Похожие запросы, Картинки, Искать здесь, Related searches, Изображения",24,0.51,0.74
"piercer münchen innenstadt",8,90,"L, C","Рейтинги, Видео, Похожие запросы, Картинки, GBP, AI Overview, Related searches",6,0.73,0.67
"tattoo shops munich germany",12,90,"L, T","Результаты карт, Рейтинги, Видео, Похожие запросы, Картинки, Искать здесь, Related searches",15,0.51,0.74
"tattoos münchen",12,80,"L, C","Результаты карт, Рейтинги, Видео, Похожие запросы, Картинки, Искать здесь, Related searches",23,0.74,0.48
"piercing schmuck münchen",12,70,"L, C","Результаты карт, Рейтинги, Видео, Картинки, Товары по запросу, Искать здесь, Related searches",8,0.49,1
"pasing piercer",13,70,"L, N","Результаты карт, Рейтинги, Ссылки сайта, Видео, Похожие запросы, Картинки, Искать здесь, Related searches",6,0.76,0.59
"beste tätowierer bayern",11,70,"L, C","Результаты карт, Рейтинги, Видео, Похожие запросы, Картинки, Искать здесь, Related searches",6,0.62,0.56
"bester tätowierer bayern",12,70,"L, C","Результаты карт, Рейтинги, Видео, Похожие запросы, Картинки, Искать здесь, Related searches",11,0.62,0.56
"münchen tattoo",15,60,"L, C","Результаты карт, Рейтинги, Видео, Похожие запросы, Картинки, Искать здесь, Related searches",27,0.74,0.48
"piercer münchen",12,60,"L, C","Результаты карт, Рейтинги, Видео, Похожие запросы, Картинки, Искать здесь, Related searches",13,0.69,0.59
"münchen tattoos",15,60,"L, C","Результаты карт, Рейтинги, Видео, Похожие запросы, Картинки, Искать здесь, Related searches",19,0.74,0.48
"münchen piercer",13,60,"L, C","Результаты карт, Рейтинги, Видео, Похожие запросы, Картинки, Искать здесь, Related searches",10,0.69,0.59
"cover up tattoo münchen",10,50,"L, C","Результаты карт, Рейтинги, Видео, Картинки, Related searches",12,0.41,0.62
"nasenpiercing münchen",10,50,"L, C","Результаты карт, Рейтинги, Видео, Похожие запросы, Картинки, Искать здесь, Related searches",6,0.61,0.67
"tattoo in münchen",14,50,"L, C","Результаты карт, Рейтинги, Похожие запросы, Картинки, Искать здесь, Related searches",18,0.43,0.45
"tattoo studios in münchen",16,50,"L, C","Результаты карт, Рейтинги, Похожие запросы, Картинки, Искать здесь, Related searches",14,0.79,0.66
"tattoo studio in münchen",15,50,"L, C","Результаты карт, Рейтинги, Похожие запросы, Картинки, Искать здесь, Related searches",14,0.79,0.66
"piercing kaufen münchen",11,50,"L, T","Результаты карт, Рейтинги, Видео, Похожие запросы, Картинки, Товары по запросу, Искать здесь, Related searches",8,0.61,1
"pure tattoo studio münchen",11,50,"L, C","Рейтинги, Видео, Похожие запросы, Картинки, GBP",6,0,0.08
"tattoo fineline münchen",6,50,"L, C","Результаты карт, Рейтинги, Видео, Похожие запросы, Картинки, Related searches",9,0.59,0.57
"tattoos in münchen",15,50,"L, C","Результаты карт, Рейтинги, Похожие запросы, Картинки, Искать здесь, Related searches",14,0.43,0.45
"noir tattoo münchen",9,50,"L, N","Рейтинги, Ссылки сайта, Видео, Похожие запросы, Картинки, GBP, Related searches",6,0.76,0.21
"bestes fineline tattoo münchen",14,50,"L, C","Результаты карт, Рейтинги, Видео, Похожие запросы, Картинки, Искать здесь, Related searches",14,0.49,0.59
"piercings kaufen münchen",11,50,"L, T","Результаты карт, Рейтинги, Видео, Картинки, Искать здесь, Related searches",6,0.61,1
"tattoo studio pasing",15,40,"L, N","Результаты карт, Рейтинги, Ссылки сайта, Видео, Похожие запросы, Картинки, Искать здесь, Related searches",9,0.54,0.56
"intimpiercing münchen",11,40,"L, C","Результаты карт, Рейтинги, Видео, Картинки, Искать здесь",6,0.46,0.71
"tattoo münchen preise",6,40,"L, C","Результаты карт, Рейтинги, Видео, Похожие запросы, Картинки, Искать здесь, Related searches",10,0.38,0.68
"tattoo shop münchen",16,40,"L, T","Результаты карт, Рейтинги, Похожие запросы, Картинки, Искать здесь, Related searches",14,0.85,0.72
"maorie tattoo münchen",3,40,"L, C","Результаты карт, Рейтинги, Видео, Картинки, Related searches",7,0.31,0.38
"münchen tempel",20,40,"L, N","Результаты карт, Рейтинги, Ссылки сайта, Видео, Похожие запросы, Картинки, Related searches",10,0,0.03
"bestes piercingstudio münchen",10,40,"L, C","Результаты карт, Рейтинги, Видео, Похожие запросы, Картинки, Искать здесь, Related searches",8,0.32,0.49
"best tattoo münchen",12,40,"L, C","Результаты карт, Рейтинги, Видео, Похожие запросы, Картинки, Искать здесь, Related searches",22,0.69,0.61
"maori tattoo münchen",6,40,"L, C","Результаты карт, Рейтинги, Видео, Картинки, Related searches",8,0.31,0.38
"tattoo motive münchen",14,40,I,"Рейтинги, Видео, Похожие запросы, Картинки, AI Overview, Related searches",7,0,0.03
"tattoo studio ottobrunn",9,40,"L, C","Результаты карт, Рейтинги, Видео, Похожие запросы, Картинки, Искать здесь, Related searches",6,0.32,0.54
"tato münchen",6,40,"L, C","Результаты карт, Рейтинги, Видео, Картинки, Искать здесь, Related searches",9,0.74,0.48
"sohne tattoo münchen",10,40,"L, C","Рейтинги, Видео, Похожие запросы, Картинки, GBP",8,0.5,0.19
"münchen tattoo preise",5,40,I,"Рейтинги, Видео, Похожие запросы, Картинки, AI Overview, Related searches",8,0.38,0.68
"tattoo münchen frau",12,40,"L, C","Результаты карт, Рейтинги, Видео, Похожие запросы, Картинки, Искать здесь, Related searches",16,0.47,0.32
"tattoo münchen ohne termin",13,30,"L, C","Результаты карт, Рейтинги, Видео, Похожие запросы, Картинки, Искать здесь, Related searches, Изображения",15,0.64,0.63
"piercer in münchen",12,30,"L, C","Результаты карт, Рейтинги, Видео, Похожие запросы, Картинки, Нижняя реклама, Искать здесь, Related searches, Реклама в середине",11,0.47,0.65
"tattoo studios bayern",8,30,"L, C","Результаты карт, Рейтинги, Видео, Похожие запросы, Картинки, Искать здесь, Related searches",12,0.55,0.3
"tattoo studio bayern",11,30,"L, C","Результаты карт, Рейтинги, Видео, Похожие запросы, Картинки, Искать здесь, Related searches, Изображения",9,0.55,0.3
"tattoo preise münchen",5,30,I,"Рейтинги, Видео, Похожие запросы, Картинки, AI Overview, Related searches",7,0.47,0.47
"piercing in münchen",8,30,"L, C","Результаты карт, Рейтинги, Видео, Похожие запросы, Картинки, Искать здесь, Related searches",9,0.47,0.65
"piercing münchen pasing",14,30,"L, N","Результаты карт, Рейтинги, Ссылки сайта, Видео, Похожие запросы, Картинки, Искать здесь, Related searches",6,0.76,0.45
"beste piercer münchen",10,30,"L, C","Результаты карт, Рейтинги, Видео, Похожие запросы, Картинки, Искать здесь, Related searches",7,0.64,0.63
"tattoo preis münchen",5,30,I,"Рейтинги, Видео, Похожие запросы, Картинки, AI Overview, Related searches",6,0.47,0.47
"tattoo laden münchen",16,30,"L, C","Результаты карт, Рейтинги, Похожие запросы, Картинки, Искать здесь, Related searches",18,0.76,0.53
"tattoo walk in münchen",16,30,"L, C","Результаты карт, Рейтинги, Видео, Картинки, Искать здесь, Related searches",15,0.32,0.57
"piercing stechen münchen",9,30,"L, C","Результаты карт, Рейтинги, Видео, Похожие запросы, Картинки, Нижняя реклама, Искать здесь, Related searches",9,0.8,0.69
"bester piercer münchen",10,30,"L, C","Результаты карт, Рейтинги, Видео, Похожие запросы, Картинки, Искать здесь, Related searches",8,0.64,0.63
"münchen tätowierer",16,30,"L, C","Результаты карт, Рейтинги, Видео, Похожие запросы, Картинки, Искать здесь, Related searches",27,0.5,0.52
"tattoo ohne termin münchen",14,30,"L, C","Результаты карт, Рейтинги, Видео, Похожие запросы, Картинки, Related searches",14,0.64,0.63
"realistic tattoo münchen",9,30,"L, C","Результаты карт, Рейтинги, Видео, Похожие запросы, Картинки, Искать здесь, Related searches",13,0.36,0.46
"gute tattoo studios münchen",13,30,"L, C","Результаты карт, Рейтинги, Видео, Похожие запросы, Картинки, Искать здесь, Related searches",16,0.45,0.81
"münchen tattoo walk in",15,30,"L, C","Результаты карт, Рейтинги, Видео, Картинки, Искать здесь, Related searches, Изображения",14,0.43,0.66
"münchen tattoo walk-in",15,30,"L, C","Результаты карт, Рейтинги, Видео, Картинки, Нижняя реклама, Related searches",14,0.43,0.66
"tattoo münchen walk in",15,30,"L, C","Результаты карт, Рейтинги, Видео, Картинки, Искать здесь, Related searches",16,0.55,0.7
"tattoo münchen walk-in",15,30,"L, C","Результаты карт, Рейтинги, Видео, Картинки, Искать здесь, Related searches",17,0.55,0.7
"tattoo walk-in münchen",16,30,"L, C","Результаты карт, Рейтинги, Видео, Картинки, Искать здесь, Related searches",15,0.32,0.57
"piercer münchen pasing",13,30,"L, C","Результаты карт, Рейтинги, Видео, Похожие запросы, Картинки, Искать здесь, Related searches",6,0.76,0.45
"tätowiere münchen",16,30,"L, C","Результаты карт, Рейтинги, Видео, Искать здесь, Related searches",13,0.5,0.52
"traditional tattoo münchen",11,30,"L, C","Результаты карт, Рейтинги, Видео, Картинки, Искать здесь, Related searches",15,0.49,0.47
"tattoo münchen innenstadt",8,30,"L, C","Результаты карт, Рейтинги, Видео, Похожие запросы, Картинки, Искать здесь, Related searches",15,0.69,0.88
"piercing studio münchen in der nähe",11,30,"L, C","Результаты карт, Рейтинги, Видео, Похожие запросы, Картинки, Искать здесь, Related searches",10,0.73,0.5
"munich ink tattoo",9,20,"L, C","Результаты карт, Рейтинги, Видео, Похожие запросы, Картинки, Related searches",9,0,0.37
"gute tätowierer münchen",15,20,"L, C","Результаты карт, Рейтинги, Похожие запросы, Картинки, Искать здесь, Related searches",10,0.79,0.81
"beste tattoo studios bayern",12,20,"L, C","Результаты карт, Рейтинги, Видео, Похожие запросы, Картинки, Искать здесь, Related searches",13,0,0.4
"tattoo rosenheimer straße",12,20,"L, C","Рейтинги, Похожие запросы, GBP, Related searches",6,0.4,0.4
"tattoos 1860 münchen",8,20,"L, N","Рейтинги, Ссылки сайта, Видео, Похожие запросы, Картинки, GBP, Related searches",6,0,0.01
"watercolor tattoo münchen",11,20,"L, C","Результаты карт, Рейтинги, Похожие запросы, Картинки, Related searches, Изображения",6,0,0.43
"tattoo münchen pasing",14,20,"L, N","Результаты карт, Рейтинги, Ссылки сайта, Related searches, Сайты",8,0.66,0.49
"tattoo studio münchen preise",9,20,"L, C","Результаты карт, Рейтинги, Видео, Похожие запросы, Картинки, Искать здесь, Related searches, Изображения",11,0,0.68
"piercingstudio münchen innenstadt",11,20,"L, C","Результаты карт, Рейтинги, Видео, Похожие запросы, Картинки, Искать здесь, Related searches, Изображения",6,0.37,0.79
"temple tattoo münchen",16,20,"L, N","Результаты карт, Рейтинги, Ссылки сайта, Видео, Похожие запросы, Картинки, Искать здесь, Related searches",9,0.55,0.35
"blackwork tattoo münchen",4,20,"L, C","Результаты карт, Рейтинги, Видео, Картинки, Related searches",6,0.43,0.56
"bestes tattoo studio bayern",10,20,"L, C","Результаты карт, Рейтинги, Видео, Похожие запросы, Картинки, Искать здесь, Related searches",8,0.39,0.78
"piercing studios münchen",10,20,"L, C","Результаты карт, Рейтинги, Видео, Картинки, Искать здесь, Related searches, Изображения, Реклама в середине",7,0.75,0.44
"münchen fineline tattoo",5,20,"L, C","Результаты карт, Рейтинги, Картинки, Related searches",8,0.85,0.61
"beste tattoo studio bayern",12,20,"L, C","Результаты карт, Рейтинги, Видео, Похожие запросы, Картинки, Искать здесь, Related searches",13,0,0.4
"walk in tattoo munich",12,20,"L, C","Результаты карт, Рейтинги, Видео, Картинки, Related searches, Изображения",7,0.62,0.97
"tattoo studio schwanthalerhöhe",10,20,"L, C","Результаты карт, Рейтинги, Видео, Картинки, Искать здесь, Related searches",6,0,0.71
"massiv tattoo münchen",11,20,"L, C","Рейтинги, Похожие запросы, Картинки, GBP",6,0,0.21
"münchen tattoo spontan",11,20,"L, C","Результаты карт, Рейтинги, Видео, Похожие запросы, Картинки, Искать здесь, Related searches",11,0,0
"bester tattoo künstler münchen",13,20,"L, C","Результаты карт, Рейтинги, Видео, Похожие запросы, Картинки, Искать здесь, Related searches",11,0.49,0.73
"münchen walk in tattoo",15,20,"L, C","Результаты карт, Рейтинги, Видео, Похожие запросы, Картинки, Искать здесь, Related searches",11,0.39,0.64
"piercing studio münchen innenstadt",11,20,"L, C","Результаты карт, Рейтинги, Видео, Искать здесь, Related searches",7,0.37,0.79
"best tattoo artist munich",14,20,"L, C","Результаты карт, Рейтинги, Картинки, Related searches",6,0.58,0.72
"tattoo piercing münchen",12,20,"L, C","Результаты карт, Рейтинги, Видео, Картинки, Искать здесь, Related searches",9,0,0.42
"tattoo handwerk münchen",11,20,"L, N","Рейтинги, Ссылки сайта, Картинки, GBP, Related searches",6,0.4,0.19
"guter tätowierer münchen",13,20,"L, C","Результаты карт, Рейтинги, Похожие запросы, Картинки, Related searches, Сайты",12,0.79,0.81
"tattoo studio giesing",11,20,"L, C","Результаты карт, Рейтинги, Видео, Похожие запросы, Картинки, Искать здесь, Related searches",7,0,0.4
"tattoo studio münchen walk in",12,20,"L, C","Результаты карт, Рейтинги, Видео, Картинки, Искать здесь, Related searches",7,0.45,0.56
"tattoo cover up münchen",6,20,"L, C","Результаты карт, Рейтинги, Похожие запросы, Картинки, Related searches",8,0.36,0.39
"tattoo studio pasing arcaden",12,20,"L, N","Рейтинги, Ссылки сайта, Видео, Похожие запросы, Картинки, GBP, Related searches",6,0.8,0.44
"tattoo studio münchen walk-in",12,20,"L, C","Результаты карт, Рейтинги, Видео, Картинки, Искать здесь, Related searches",7,0.45,0.56
"best tattoo artist in munich",13,20,"L, C","Результаты карт, Рейтинги, Похожие запросы, Картинки, Related searches",7,0.58,0.72
"tattoo münchen günstig",18,20,"L, C","Результаты карт, Рейтинги, Видео, Картинки, Искать здесь, Related searches",10,0.47,0.73
"piercing münchen schwabing",7,20,"L, C","Результаты карт, Рейтинги, Видео, Картинки, Искать здесь, Related searches, Изображения",6,0.82,0.81
"temple tattoo munich",13,20,"L, N","Рейтинги, Ссылки сайта, Похожие запросы, Картинки, GBP, Related searches",10,0.55,0.35
"arm sleeve tattoo preis",7,20,I,"Рейтинги, Видео, Похожие запросы, Картинки, AI Overview, Related searches",6,0.47,0.38
"tattoo studios münchen",12,10,"L, C","Результаты карт, Рейтинги, Related searches, Сайты",9,0.69,0.46
"tätowiererin münchen",7,10,"L, C","Результаты карт, Рейтинги, Видео, Картинки, Искать здесь, Related searches",8,0.63,0.37
"piercingstudio münchen",11,10,"L, C","Результаты карт, Рейтинги, Картинки, Related searches, Изображения, Сайты",9,0.63,0.6
"tattoo münchen empfehlung",12,10,"L, C","Результаты карт, Рейтинги, Видео, Похожие запросы, Искать здесь, Related searches",11,0,0
"tempel tattoo münchen",14,10,"L, N","Рейтинги, Ссылки сайта, Видео, Похожие запросы, Картинки, GBP, Related searches",12,0.65,0.28
"tätowierer münchen",14,10,"L, C","Результаты карт, Рейтинги, Похожие запросы, Искать здесь, Related searches",8,0.63,0.37
"tattoo studio munich",11,10,"L, N","Результаты карт, Рейтинги, Ссылки сайта, Картинки, Related searches, Сайты",9,0.69,0.46
"tattoostudio münchen",16,10,"L, C","Результаты карт, Рейтинги, Картинки, Related searches, Изображения, Сайты",9,0.69,0.46
"cover up tattoo spezialist münchen",5,10,"L, C","Результаты карт, Рейтинги, Видео, Картинки, Искать здесь, Related searches",7,0,0
"tätowierer münchen bewertung",7,10,I,"Рейтинги, Похожие запросы, Картинки, Related searches",6,0,0
"tattoo künstler münchen",10,10,"L, C","Результаты карт, Рейтинги, Картинки, Related searches, Сайты",11,0,0.13
"tätowieren münchen",13,10,"L, C","Результаты карт, Рейтинги, Похожие запросы, Картинки, Related searches, Сайты",11,0,0.64
"tattoo studio münchen",8,10,"L, C","Результаты карт, Рейтинги, Картинки, Related searches, Сайты",10,0.69,0.46
"piercing studio münchen",12,10,"L, C","Результаты карт, Рейтинги, Картинки, Related searches, Изображения, Сайты",9,0.63,0.6
"gute tattoo studios bayern",14,10,"L, C","Результаты карт, Рейтинги, Похожие запросы, Картинки, Related searches, Сайты",8,0,0
"tätowierer in bayern",11,10,"L, C","Результаты карт, Рейтинги, Видео, Похожие запросы, Картинки, Искать здесь, Related searches",7,0,1
"tattoo ink münchen",9,10,"L, N","Результаты карт, Рейтинги, Ссылки сайта, Картинки, Related searches, Сайты",8,0.03,0.39
"tätowierer bayern",12,10,"L, C","Результаты карт, Рейтинги, Похожие запросы, Картинки, Related searches, Сайты",6,0.62,0.26
"uv tattoo münchen",4,10,"L, C","Результаты карт, Рейтинги, Видео, Похожие запросы, Картинки, Искать здесь, Related searches",9,0,0.36
"cover up münchen",6,10,"L, C","Результаты карт, Рейтинги, Видео, Похожие запросы, Картинки, Искать здесь, Related searches",8,0.49,0.64
"aquarell tattoo münchen",8,10,"L, C","Результаты карт, Рейтинги, Видео, Похожие запросы, Картинки, Related searches",7,0.43,0.5
"tattoo und piercing münchen",12,10,"L, C","Результаты карт, Рейтинги, Видео, Похожие запросы, Картинки, Искать здесь, Related searches, Изображения",12,0,0.33
"tattoo studio münchen pasing",15,10,"L, N","Результаты карт, Рейтинги, Ссылки сайта, Картинки, Related searches, Сайты",7,0.74,0.56
"tätowierung münchen",9,10,"L, C","Результаты карт, Рейтинги, Картинки, Искать здесь, Related searches, Изображения",13,0,0.39
"horror tattoos münchen",7,10,"L, C","Результаты карт, Рейтинги, Видео, Картинки, Сеть знаний, Искать здесь, Изображения",8,0,0
"temporäre tattoos münchen",19,10,"L, C","Результаты карт, Рейтинги, Видео, Похожие запросы, Картинки, Искать здесь, Related searches",6,0.44,0.93
"3d tattoos münchen",16,10,"L, N","Результаты карт, Рейтинги, Ссылки сайта, Картинки, Related searches, Сайты",11,0,0.43
"3d tattoo münchen",13,10,"L, C","Результаты карт, Рейтинги, Видео, Похожие запросы, Картинки, Искать здесь, Related searches",11,0,0.43
"portrait tattoo münchen",12,10,"L, C","Результаты карт, Рейтинги, Видео, Похожие запросы, Картинки, Искать здесь, Related searches",10,0,0.71
"old school tattoo münchen",6,10,"L, C","Результаты карт, Рейтинги, Видео, Картинки, Искать здесь, Related searches",8,0,0
"temple münchen",18,10,"L, N","Результаты карт, Рейтинги, Ссылки сайта, Похожие запросы, Картинки, Related searches, Сайты",8,0.65,0.2
"filigrane tattoos münchen",5,10,"L, C","Результаты карт, Рейтинги, Видео, Картинки, Искать здесь, Related searches",11,0,0.93
"ephemeral tattoo münchen",15,10,"L, C","Результаты карт, Рейтинги, Видео, Похожие запросы, Картинки, Искать здесь, Related searches",9,0,0.5
"anime tattoo studio münchen",9,10,"L, C","Результаты карт, Рейтинги, Видео, Картинки, Related searches",10,0,0.56
"fine art tattoo münchen",8,10,"L, N","Результаты карт, Рейтинги, Ссылки сайта, Картинки, Related searches",9,0.49,0.77
"tattoo termin online münchen",13,10,"L, C","Результаты карт, Рейтинги, Картинки, Искать здесь, Related searches",11,0,0
"minimalistische tattoos münchen",7,10,"L, C","Результаты карт, Рейтинги, Видео, Картинки, Искать здесь, Related searches",10,0,1
"tattoo studio munich münchen",9,10,"L, C","Результаты карт, Рейтинги, Похожие запросы, Картинки, Related searches, Изображения, Сайты",9,0,0.86
"kleine tattoos münchen",5,10,"L, C","Результаты карт, Рейтинги, Видео, Картинки, Искать здесь, Related searches",10,0,0.56
"tätowierer münchen pasing",16,10,"L, N","Результаты карт, Рейтинги, Ссылки сайта, Видео, Похожие запросы, Картинки, Искать здесь, Related searches",9,0,0
"günstige tattoos münchen",14,10,"L, C","Результаты карт, Рейтинги, Видео, Похожие запросы, Картинки, Искать здесь",9,0.68,0.69
"münchen beste tattoo studios",13,10,"L, C","Результаты карт, Рейтинги, Похожие запросы, Картинки, Related searches, Изображения, Сайты",11,0.79,0.8
"tattoo münchen schriftzug",2,10,"L, C","Результаты карт, Рейтинги, Похожие запросы, Картинки, Related searches, Изображения",8,0,0
"minimal tattoo münchen",6,10,"L, C","Результаты карт, Рейтинги, Видео, Картинки, Искать здесь, Related searches",8,0,0
"top tattoo studio münchen",12,10,"L, C","Результаты карт, Рейтинги, Похожие запросы, Картинки, Related searches, Изображения, Сайты",10,0.35,0.79
"gutes piercingstudio münchen",11,10,"L, C","Результаты карт, Рейтинги, Видео, Похожие запросы, Картинки, Искать здесь, Related searches",6,0,0
"die besten tätowierer münchen",13,10,"L, C","Блоки с ответами, Результаты карт, Рейтинги, Картинки, AI Overview, Related searches, Сайты",12,0,0
"tattoo from heaven münchen",10,10,"L, C","Блоки с ответами, Результаты карт, Рейтинги, Видео, Похожие запросы, Картинки, Искать здесь",9,0,0
"piercingstudio münchen hauptbahnhof",10,10,"L, C","Результаты карт, Рейтинги, Картинки, Related searches, Сайты",6,0,0.14
"gute tätowierer in münchen",11,10,"L, C","Результаты карт, Рейтинги, Картинки, Related searches, Сайты",10,0,0.93
"tempel tattoos münchen",16,10,"L, N","Результаты карт, Рейтинги, Ссылки сайта, Похожие запросы, Related searches, Сайты",10,0,0
"temple münchen tattoo",15,10,"L, N","Результаты карт, Рейтинги, Ссылки сайта, Похожие запросы, Искать здесь, Related searches",10,0,0
"piercingstudio in münchen",12,10,"L, C","Результаты карт, Рейтинги, Картинки, Related searches, Изображения, Сайты",7,0.45,0.4
"tätowierer münchen ohne termin",11,10,"L, C","Результаты карт, Рейтинги, Видео, Похожие запросы, Картинки, Искать здесь, Related searches",11,0,0.86
"tattoo westend münchen",8,10,"L, C","Результаты карт, Рейтинги, Видео, Картинки, Искать здесь, Related searches",7,0,1
"tattoo studio muenchen",13,10,"L, C","Результаты карт, Рейтинги, Похожие запросы, Related searches, Изображения, Сайты",9,0,0
"tattoo studio rosenheimer platz",13,10,"L, N","Рейтинги, Ссылки сайта, Видео, Похожие запросы, Картинки, GBP, Related searches",12,0.4,0.55
"bester tattoo künstler bayern",11,10,"L, C","Результаты карт, Рейтинги, Похожие запросы, Картинки, Related searches, Сайты",7,0,0
"die besten tattoo studios bayern",14,10,"L, C","Результаты карт, Рейтинги, Похожие запросы, Related searches, Сайты",7,0,0
"haben tattoo studios auf in bayern",14,10,"L, C","Результаты карт, Рейтинги, Картинки, AI Overview, Сайты",6,0,0
"tattoos muenchen",16,10,"L, C","Результаты карт, Рейтинги, Картинки, Искать здесь, Related searches",12,0.74,0.48
"tattoo shops münchen",14,10,"L, T","Результаты карт, Рейтинги, Похожие запросы, Картинки, Related searches, Изображения, Сайты",10,0,0.62
"tattoo temple münchen",16,10,"L, N","Результаты карт, Рейтинги, Ссылки сайта, Картинки, Related searches, Сайты",6,0,0
"piercingstudio münchen sendlinger tor",11,10,"L, C","Результаты карт, Рейтинги, Картинки, Related searches, Сайты",8,0,0
"münchen piercingstudio",13,10,"L, C","Результаты карт, Рейтинги, Похожие запросы, Картинки, Related searches, Изображения, Сайты",9,0.63,0.6
"tattoo studio sendlinger tor",7,10,"L, C","Результаты карт, Рейтинги, Похожие запросы, Картинки, Искать здесь, Related searches",6,0,0.5
"bester tattoo münchen",11,10,"L, C","Результаты карт, Рейтинги, Похожие запросы, Картинки, Related searches, Сайты",10,0.78,0.89
"tattoostudio stichprobe münchen",9,10,"L, C","Рейтинги, Видео, Картинки, GBP",6,0,0
"piercingstudio münchen pasing",13,10,"L, C","Результаты карт, Рейтинги, Видео, Похожие запросы, Картинки, Искать здесь, Related searches, Изображения",8,0,0
"tattoo studio münchen ohne termin",13,10,"L, C","Результаты карт, Рейтинги, Картинки, Related searches, Изображения, Сайты",9,0.23,0.88
"münchen piercing studio",12,10,"L, C","Результаты карт, Рейтинги, Картинки, Related searches, Изображения, Сайты",9,0.63,0.6
"spontan tattoo münchen",9,10,"L, C","Рейтинги, Похожие запросы, Картинки, GBP, Related searches",6,0.37,0.84
"münchen tattoo studios",13,10,"L, C","Результаты карт, Рейтинги, Картинки, Related searches, Сайты",11,0.69,0.46
"tattoo studio münchen feine linien",5,10,"L, C","Результаты карт, Рейтинги, Видео, Картинки, Искать здесь, Related searches",8,0,0
"tattoo gutschein münchen",6,10,"L, T","Результаты карт, Рейтинги, Похожие запросы, Картинки, Related searches",6,0.46,0.77
"piercing studio münchen preise",7,10,"L, C","Результаты карт, Рейтинги, Картинки, Related searches, Сайты",7,0,0
"gute piercer münchen",12,10,"L, C","Результаты карт, Рейтинги, Похожие запросы, Картинки, Related searches, Сайты",6,0.83,0.69
"munich tattoo studio",9,10,"L, C","Результаты карт, Рейтинги, Картинки, Related searches, Изображения, Сайты",10,0.69,0.46
"münchen tattoo studio",16,10,"L, C","Результаты карт, Рейтинги, Картинки, Related searches, Сайты",11,0.69,0.46
"feine tattoos münchen",8,10,"L, C","Результаты карт, Рейтинги, Видео, Картинки, Искать здесь, Related searches",11,0,0.5
"tätowierer pasing",16,10,"L, N","Результаты карт, Рейтинги, Ссылки сайта, Видео, Похожие запросы, Картинки, Искать здесь, Related searches",7,0.65,0.66
"uv-tattoo münchen",6,10,"L, C","Результаты карт, Рейтинги, Похожие запросы, Картинки, AI Overview, Related searches, Сайты",7,0,0.36
"piercing münchen online termin",8,10,"L, N","Результаты карт, Рейтинги, Ссылки сайта, Картинки, Related searches, Сайты",7,0,1
"tattoo münchen tempel",14,10,"L, N","Результаты карт, Рейтинги, Ссылки сайта, Видео, Похожие запросы, Картинки, Искать здесь, Related searches",11,0.65,0.28
"piercing münchen günstig",12,10,"L, C","Результаты карт, Рейтинги, Похожие запросы, Картинки, Related searches, Сайты",7,0.65,0.68
"tattoostudio tempel münchen",16,10,"L, N","Результаты карт, Рейтинги, Ссылки сайта, Видео, Картинки, Искать здесь, Related searches",7,0.65,0.28
"die besten tattoo studios münchen",14,10,"L, C","Результаты карт, Рейтинги, Похожие запросы, Картинки, Искать здесь, Related searches",11,0,0.71
"münchen tattoo tempel",15,10,"L, N","Результаты карт, Рейтинги, Ссылки сайта, Видео, Похожие запросы, Картинки, Искать здесь, Related searches",10,0.65,0.28
"tibi tattoo münchen",9,10,I,"Видео, Картинки, Related searches",6,0,0.36
"julia tempel tattoo",5,10,I,"Рейтинги, Похожие запросы",7,0,0
"airbrush tattoos münchen",5,10,"L, C","Результаты карт, Рейтинги, Видео, Картинки, Нижняя реклама, Искать здесь",8,0,0.24
"ink tattoo münchen",4,10,"L, C","Результаты карт, Рейтинги, Related searches, Изображения, Сайты",6,0,0.5
"piercing münchen tempel",16,10,"L, N","Результаты карт, Рейтинги, Ссылки сайта, Видео, Похожие запросы, Картинки, Related searches",9,0,0.3
"tattoo rosenheimer platz",12,10,"L, C","Рейтинги, Похожие запросы, GBP, Related searches",10,0,0.1
"beste tattoo münchen",17,10,"L, C","Результаты карт, Рейтинги, Видео, Картинки, Искать здесь, Related searches, Сайты",10,0.78,0.89
"aquarell tattoos münchen",10,10,"L, C","Результаты карт, Рейтинги, Видео, Похожие запросы, Картинки, Искать здесь, Related searches",8,0.43,0.5
"neo traditional tattoo münchen",6,10,"L, C","Результаты карт, Рейтинги, Картинки, Related searches",6,0,0.14
"haben tattoo studios wieder auf bayern",11,0,"L, C","Результаты карт, Рейтинги, Видео, Похожие запросы, Картинки, Искать здесь",6,0,0
"subkutan tattoo münchen",8,0,"L, C","Рейтинги, Похожие запросы, Картинки, GBP, Related searches",8,0,0
